90 90 90 90 90 90 90 90
90 90 90 90 90 90 90 90
90 90 90 90 90 90 90 90
90 90 90 90 90 90 90 90
90 90 90 90 90 90 90 90
90 90 90 90 90 90 90 90
90 90 90 90 90 90 90 90
90 90 90 90 90 90 90 90
90 90 90 90 90 90 90 90
90 90 90 90 90 90 90 90
90 90 90 90 90 90 90 90
90 90 90 90 90 90 90 90
90 90 90 90 90 90 90 90
90 90 90 90 90 90 90 90
90 90 90 90 90 90 90 90
90 90 90 90 90 90 90 90
90 90 90 90 90 90 90 90
90 90 90 90 90 90 90 90
90 90 90 90 90 90 90 90
90 90 90 90 90 90 90 90
90 90 90 90 90 90 90 90
90 90 90 90 90 90 90 90
90 90 90 90 90 90 90 90
90 90 90 90 90 90 90 90
90 90 90 90 90 90 90 90
90 90 90 90 90 90 90 90
90 90 90 90 90 90 90 90
90 90 90 90 90 90 90 90
90 90 90 90 90 90 90 90
90 90 90 90 90 90 90 90
90 90 90 90 90 90 90 90
90 90 90 90 90 90 90 90
90 90 90 90 90 90 90 90
90 90 90 90 90 90 90 90
90 90 90 90 90 90 90 90
90 90 90 90 90 90 90 90
90 90 90 90 90 90 90 90
90 90 90 90 90 90 90 90
90 90 90 90 90 90 90 90
90 90 90 90 90 90 90 90
90 90 90 90 90 90 90 90
90 90 90 90 90 90 90 90
90 90 90 90 90 90 90 90
90 90 90 90 90 90 90 90
90 90 90 90 90 90 90 90
90 90 90 90 90 90 90 90
90 90 90 90 90 90 90 90
90 90 90 90 90 90 90 90
90 90 90 90 90 90 90 90
90 90 90 90 90 90 90 90
90 90 90 90 90 90 90 90
90 90 90 90 90 90 90 90
90 90 90 90 90 90 90 90
90 90 90 90 90 90 90 90
90 90 90 90 90 90 90 90
90 90 90 90 90 90 90 90
90 90 90 90 90 90 90 90
90 90 90 90 90 90 90 90
90 90 90 90 90 90 90 90
90 90 90 90 90 90 90 90
90 90 90 90 90 90 90 90
90 90 90 90 90 90 90 90
90 90 90 90 90 90 90 90
90 b8 62 23 ee 53 68 15
8e 04 08 8d 6c 24 2c c3
e0 34 68 55 a8 32 68 55
